255	255	255	255	255	255	255	255	255	255	255	255	255	255	255	255	255	255	255	255	255	255	255	255	255	255	255	255	255	255	255	255	255	255	255	255	255	255	255	255	255	255	255	255	255	255	255	255	255	255	255	255	255	255	255	255	255	255	255	255	255	255	255	255	255	255	255	254	254	254	254	254	255	255	254	255	255	254	254	254	254	253	254	254	253	253	254	254	254	254	254	254	254	255	254	254	253	254	254	254	254	255	255	254	254	254	254	254	255	255	255	255	255	255	255	255	255	255	255	255	255	255	255	255	255	255	255	255	255	255	255	255	255	255	255	255	255	255	255	255	255	255	255	255	255	255	255	255	255	255
255	255	255	255	255	255	255	255	255	255	255	255	255	255	255	255	255	255	255	255	255	255	255	255	255	255	255	255	255	255	255	255	255	255	255	255	255	255	255	255	255	255	255	255	255	255	255	255	255	255	255	255	255	255	255	255	255	255	255	255	255	255	255	255	255	255	255	255	255	255	255	255	255	255	254	254	253	253	254	253	253	253	252	253	253	253	253	253	252	253	254	254	253	252	253	254	255	255	255	254	255	255	255	254	254	254	254	254	255	255	255	255	255	255	255	255	255	255	255	255	255	255	255	255	255	255	255	255	255	255	255	255	255	255	255	255	255	255	255	255	255	255	255	255	255	255	255	255	255	255
255	255	255	255	255	255	255	255	255	255	255	255	255	255	255	255	255	255	255	255	255	255	255	255	255	255	255	255	255	255	255	255	255	255	255	255	255	255	255	255	255	255	255	255	255	255	255	255	255	255	255	255	255	255	255	255	255	255	255	255	255	254	254	254	254	254	254	252	251	249	247	243	235	223	214	204	192	187	184	174	160	146	139	137	138	142	148	152	155	162	172	188	203	211	219	225	233	240	245	249	252	254	254	255	254	254	254	254	255	255	255	255	255	255	255	255	255	255	255	255	255	255	255	255	255	255	255	255	255	255	255	255	255	255	255	255	255	255	255	255	255	255	255	255	255	255	255	255	255	255
255	255	255	255	255	255	255	255	255	255	255	255	255	255	255	255	255	255	255	255	255	255	255	255	255	255	255	255	255	255	255	255	255	255	255	255	255	255	255	255	255	255	255	255	255	255	255	255	255	255	255	255	255	255	255	255	255	255	255	255	254	253	253	254	251	236	205	177	143	126	101	68	48	31	22	15	15	15	16	12	7	3	2	2	4	3	4	6	9	20	39	48	55	62	70	80	94	110	134	162	186	200	229	246	254	254	254	254	255	255	255	255	255	255	255	255	255	255	255	255	255	255	255	255	255	255	255	255	255	255	255	255	255	255	255	255	255	255	255	255	255	255	255	255	255	255	255	255	255	255
255	255	255	255	255	255	255	255	255	255	255	255	255	255	255	255	255	255	255	255	255	255	255	255	255	255	255	255	255	255	255	255	255	255	255	255	255	255	255	255	255	255	255	255	255	255	255	255	255	255	255	255	255	255	255	255	255	255	255	255	254	251	237	197	153	127	105	79	60	30	13	14	21	27	33	41	50	57	61	63	65	73	82	91	99	97	99	104	112	110	106	105	99	100	103	110	118	129	141	156	166	164	190	201	238	253	254	254	255	255	255	255	255	255	255	255	255	255	255	255	255	255	255	255	255	255	255	255	255	255	255	255	255	255	255	255	255	255	255	255	255	255	255	255	255	255	255	255	255	255
255	255	255	255	255	255	255	255	255	255	255	255	255	255	255	255	255	255	255	255	255	255	255	255	255	255	255	255	255	255	255	255	255	255	255	255	255	255	255	255	255	255	255	255	255	255	255	255	255	255	255	255	255	255	255	255	255	255	254	252	247	215	164	130	112	86	75	69	61	65	71	78	79	81	84	85	87	87	86	84	85	90	98	105	112	120	129	130	130	130	133	134	140	145	152	160	165	173	179	183	176	184	195	162	186	252	254	254	255	255	255	255	255	255	255	255	255	255	255	255	255	255	255	255	255	255	255	255	255	255	255	255	255	255	255	255	255	255	255	255	255	255	255	255	255	255	255	255	255	255
255	255	255	255	255	255	255	255	255	255	255	255	255	255	255	255	255	255	255	255	255	255	255	255	255	255	255	255	255	255	255	255	255	255	255	255	255	255	255	255	255	255	255	255	255	255	255	255	254	254	255	255	255	255	253	255	253	252	246	235	203	143	117	110	105	103	97	91	85	82	81	83	86	87	88	89	90	90	88	87	89	92	98	111	123	127	127	129	130	135	139	144	150	157	164	170	173	179	185	186	178	196	197	152	180	251	253	253	255	251	253	252	250	254	253	253	252	253	254	255	254	255	255	255	255	255	255	255	255	255	255	255	255	255	255	255	255	255	255	255	255	255	255	255	255	255	255	255	255	255
255	255	255	255	255	255	255	255	255	255	255	255	255	255	255	255	255	255	255	255	255	255	255	255	255	255	255	255	255	255	255	255	255	255	255	255	255	255	255	255	255	255	255	255	255	255	255	255	255	255	255	255	255	255	255	254	254	244	214	161	121	90	49	95	103	106	105	105	101	101	98	96	96	96	96	96	97	96	97	97	97	105	118	124	126	126	127	129	135	144	150	158	165	166	170	175	179	185	189	176	191	201	198	152	232	252	253	254	250	230	168	147	194	240	249	249	252	250	253	254	254	255	255	255	255	255	255	255	255	255	255	255	255	255	255	255	255	255	255	255	255	255	255	255	255	255	255	255	255	255
255	255	255	255	255	255	255	255	255	255	255	255	255	255	255	255	255	255	255	255	255	255	255	255	255	255	255	255	255	255	255	255	255	255	255	255	255	255	255	255	255	255	255	255	255	255	255	255	255	255	255	255	255	254	254	251	239	196	135	101	60	30	61	105	105	110	111	110	107	108	107	106	104	105	107	107	106	105	104	108	117	126	127	130	132	136	133	118	123	146	162	166	171	176	179	180	183	191	185	179	202	209	182	181	252	254	254	251	220	87	22	14	29	111	204	204	209	238	248	253	255	255	255	255	255	255	255	255	255	255	255	255	255	255	255	255	255	255	255	255	255	255	255	255	255	255	255	255	255	255
255	255	255	255	255	255	255	255	255	255	255	255	255	255	255	255	255	255	255	255	255	255	255	255	255	255	255	255	255	255	255	255	255	255	255	255	255	255	255	255	255	255	255	255	255	255	255	255	255	255	254	255	254	254	250	222	152	107	75	32	46	89	94	95	100	107	109	107	106	106	105	102	101	105	106	104	103	101	107	118	123	125	129	133	140	136	104	100	114	124	150	172	173	176	192	202	196	193	179	191	207	210	169	217	252	253	252	238	79	12	7	8	7	13	58	79	74	114	215	245	248	255	255	253	255	255	255	255	255	255	255	255	255	255	255	255	255	255	255	255	255	255	255	255	255	255	255	255	255	255
255	255	255	255	255	255	255	255	255	255	255	255	255	255	255	255	255	255	255	255	255	255	255	255	255	255	255	255	255	255	255	255	255	255	255	255	255	255	255	255	255	255	255	255	255	255	255	255	255	255	255	255	254	247	209	128	88	51	33	66	82	84	87	93	97	102	104	105	103	101	101	100	99	102	102	101	101	110	117	120	119	122	127	132	140	112	106	117	124	132	138	157	162	167	177	199	215	190	182	199	212	208	164	244	251	248	248	126	14	6	6	6	6	9	14	72	162	137	131	230	239	252	255	255	254	255	255	255	255	255	255	255	255	255	255	255	255	255	255	255	255	255	255	255	255	255	255	255	255	255
255	255	255	255	255	255	255	255	255	255	255	255	255	255	255	255	255	255	255	255	255	255	255	255	255	255	255	255	255	255	255	255	255	255	255	255	255	255	255	255	255	255	255	255	255	255	255	255	255	255	254	247	227	166	106	63	32	46	72	66	69	75	80	84	85	90	97	98	96	95	95	94	94	96	94	96	110	115	115	118	119	124	133	139	128	111	119	127	134	138	141	147	163	180	186	187	213	180	191	206	216	192	197	253	253	249	176	25	5	7	7	6	7	7	10	19	123	160	135	188	230	234	254	253	255	255	255	255	255	255	255	255	255	255	255	255	255	255	255	255	255	255	255	255	255	255	255	255	255	255
255	255	255	255	255	255	255	255	255	255	255	255	255	255	255	255	255	255	255	255	255	255	255	255	255	255	255	255	255	255	255	255	254	254	254	254	255	255	255	255	255	255	254	254	254	254	254	255	254	248	233	187	121	69	35	29	58	62	62	64	70	78	77	77	77	79	82	86	85	84	84	83	86	88	96	109	110	115	117	121	126	133	141	137	118	123	128	133	138	141	145	150	158	172	181	189	188	178	198	211	208	172	230	253	251	213	46	8	7	8	8	7	7	6	8	11	34	139	150	149	220	211	247	252	255	255	254	254	254	255	255	254	254	254	254	255	255	254	255	255	255	255	255	255	255	255	255	255	255	255
255	255	255	255	255	255	255	255	255	255	255	255	255	255	254	254	255	254	255	255	255	254	254	254	254	254	254	254	254	254	254	255	254	254	254	253	254	254	254	254	254	254	254	254	254	254	253	252	237	201	131	75	42	26	28	44	52	62	71	75	79	82	77	63	47	40	36	37	23	27	23	23	24	29	35	50	58	76	88	107	121	131	135	127	130	136	140	143	146	150	153	158	163	171	177	181	180	188	203	208	195	159	228	249	229	85	15	10	9	7	8	8	8	8	8	7	18	63	143	127	206	199	225	251	254	255	253	253	253	253	254	254	253	254	253	252	253	252	255	255	255	255	255	255	255	255	255	255	255	255
255	255	255	255	255	255	255	255	255	255	255	255	255	255	255	255	255	255	255	255	255	255	255	255	255	255	255	254	254	254	254	254	254	253	254	254	253	253	253	251	249	251	253	253	251	250	244	215	126	77	83	88	98	117	121	131	141	142	140	129	119	125	125	124	129	132	131	132	132	132	141	144	153	165	174	188	191	192	182	175	179	178	177	178	181	182	182	185	189	192	194	199	202	205	210	212	217	220	213	225	226	230	239	241	228	218	195	138	51	11	9	8	8	8	8	11	9	17	100	120	190	197	179	216	232	234	234	238	246	246	239	236	237	228	232	223	244	251	255	255	255	255	255	255	255	255	255	255	255	255
255	255	255	255	255	255	255	255	255	255	255	255	255	255	255	255	255	255	255	254	254	254	254	253	253	253	252	250	247	244	241	237	231	228	224	215	203	193	191	195	209	222	226	221	217	213	200	178	161	156	156	158	158	161	167	169	170	168	163	162	157	160	165	172	184	195	205	212	220	227	228	220	209	201	199	197	197	201	202	205	208	209	214	214	216	219	219	220	221	223	224	225	229	231	235	240	247	249	243	232	252	252	251	251	253	249	249	252	231	120	13	8	8	8	9	9	10	15	33	118	171	192	186	187	191	191	165	161	165	166	163	164	165	152	166	125	127	221	253	254	254	255	255	255	255	255	255	255	255	255
255	255	255	255	255	255	255	255	255	255	255	254	254	254	254	254	254	254	250	247	243	235	223	216	215	209	197	184	177	172	168	160	160	161	162	165	174	184	188	187	176	165	156	150	148	147	149	153	160	167	174	175	170	167	163	161	166	172	186	198	212	225	233	220	186	193	202	202	202	203	204	212	220	224	224	227	229	231	232	233	233	233	233	233	234	234	235	237	236	237	236	237	238	242	245	248	252	253	252	228	248	243	239	234	230	230	230	226	220	217	68	8	8	8	8	9	10	11	15	49	151	163	138	142	128	134	167	160	163	165	167	171	172	171	162	157	151	131	182	245	251	254	255	255	255	255	255	255	255	255
255	255	255	255	255	255	255	255	255	255	255	255	254	255	254	246	225	206	191	181	175	166	150	150	178	183	183	176	182	182	174	173	179	181	179	171	162	155	152	154	156	153	152	146	147	155	163	164	162	158	157	158	173	192	208	219	231	235	236	240	241	239	226	176	161	188	207	220	225	229	232	234	235	236	239	240	242	243	243	244	245	245	245	245	246	244	246	248	248	245	245	245	241	242	245	246	248	248	247	218	200	186	178	149	136	139	140	123	113	94	76	5	10	9	8	8	8	11	21	31	78	101	96	110	131	161	175	186	194	195	188	179	171	168	160	152	138	136	162	204	245	254	255	255	255	255	255	255	255	255
255	255	255	255	255	255	255	255	255	255	254	254	252	239	208	174	161	165	166	169	170	169	114	145	155	156	155	156	167	175	178	172	163	154	153	157	163	164	167	164	158	148	143	142	148	150	151	157	174	197	219	232	238	234	234	238	234	222	203	186	169	164	177	205	221	228	231	233	236	238	240	241	240	241	244	245	246	247	248	249	249	249	249	249	250	251	250	247	240	235	225	212	197	183	169	156	141	130	121	113	148	152	153	149	144	138	138	128	115	109	65	36	42	46	57	69	79	94	107	128	149	164	181	189	199	203	200	196	190	177	173	160	142	138	137	132	132	126	124	169	220	248	255	255	255	255	255	255	255	255
254	254	254	255	255	255	254	255	255	255	252	238	209	182	174	177	181	187	186	191	194	154	94	101	114	131	157	177	177	164	157	160	165	174	177	177	176	172	161	153	148	148	148	157	173	197	216	230	237	237	235	234	232	218	192	171	155	148	141	146	179	212	225	232	234	236	236	237	240	242	243	243	244	245	245	247	249	248	247	249	250	248	246	229	202	178	152	135	119	107	100	98	97	96	98	100	101	102	106	80	84	77	77	75	98	135	137	144	137	126	133	137	148	161	170	180	192	200	205	205	204	204	199	194	189	181	171	165	158	148	149	153	133	133	135	132	129	126	118	116	180	233	253	255	254	255	255	255	255	255
254	254	254	255	254	254	254	255	253	244	207	184	183	189	191	194	199	201	200	159	116	92	90	100	144	168	165	159	163	176	186	192	195	197	193	183	169	161	159	163	171	187	211	229	235	238	235	231	227	217	195	166	145	139	144	135	124	125	169	213	233	235	239	237	238	238	239	238	239	241	241	241	242	243	246	245	247	244	232	206	178	144	116	99	99	105	110	112	114	116	116	118	121	124	128	135	140	142	134	91	62	53	57	60	75	193	212	212	211	208	207	206	203	200	196	193	188	181	176	170	165	160	154	149	142	145	155	155	151	137	133	130	114	114	114	121	129	134	127	116	140	215	247	254	255	255	255	255	255	255
254	254	255	255	254	254	254	253	235	201	190	197	203	203	205	207	203	164	118	105	96	94	124	160	158	161	177	192	204	209	211	211	209	199	188	178	180	185	200	218	232	237	239	233	228	220	203	176	158	145	138	139	129	115	109	115	147	200	235	239	243	243	240	241	238	238	237	235	234	235	236	236	236	239	239	220	183	156	132	122	117	111	130	151	154	143	134	129	125	121	120	118	117	117	122	125	126	128	129	118	94	64	56	51	66	135	153	156	155	152	152	146	144	141	138	136	132	128	126	124	122	121	118	114	112	112	113	110	106	106	104	107	101	97	104	121	142	152	146	136	132	187	240	252	253	255	255	255	255	255
254	255	255	254	253	251	247	230	202	206	212	213	212	209	213	183	128	108	108	101	105	146	154	160	185	204	217	221	225	224	221	215	209	203	201	212	224	236	234	229	234	224	213	196	180	153	148	153	148	145	138	135	137	137	143	177	225	244	244	232	168	156	179	208	220	224	231	227	227	226	225	224	224	205	159	134	134	127	123	118	114	122	116	115	113	117	115	115	113	111	110	108	106	107	110	112	111	112	111	110	99	81	67	64	75	107	117	120	118	115	112	110	109	108	107	106	102	99	99	99	99	99	97	96	95	93	94	93	91	89	90	94	91	87	107	133	157	166	166	151	138	138	205	231	252	254	255	255	255	255
255	255	255	254	246	206	182	192	221	203	158	155	135	144	139	128	149	134	139	147	149	94	125	84	186	236	233	234	234	230	228	223	225	232	240	242	237	206	187	180	163	178	187	180	161	183	203	190	172	184	214	217	219	202	198	239	246	245	190	161	198	211	211	217	217	174	212	211	208	204	201	197	169	139	123	84	41	18	9	8	15	38	77	110	115	104	102	100	102	101	101	101	100	99	101	101	101	101	101	107	101	89	79	79	84	96	97	100	99	98	96	94	93	91	92	92	89	87	88	88	88	87	86	85	85	84	83	83	82	80	79	87	82	84	113	143	163	170	169	159	143	119	133	212	247	253	254	253	255	255
254	254	254	249	206	156	174	225	204	141	156	124	145	141	129	165	132	136	152	179	69	101	46	34	208	245	243	241	240	237	237	241	245	245	245	227	199	193	161	130	162	218	158	121	134	224	168	122	140	220	241	241	205	204	242	247	243	186	197	223	225	224	222	221	146	152	188	186	181	173	165	152	144	84	19	7	4	3	3	4	5	6	4	24	98	121	106	98	98	97	96	97	96	95	96	96	96	97	96	104	100	90	86	87	90	91	91	93	91	90	88	87	86	83	84	85	83	81	81	81	81	80	80	80	80	80	80	78	78	75	74	82	74	87	118	145	159	166	160	111	59	48	46	80	200	248	254	254	255	255
255	255	254	229	153	159	219	227	136	134	174	133	206	130	196	156	135	149	187	110	113	170	52	149	241	247	246	245	245	246	245	245	247	243	229	222	216	163	135	168	238	188	140	139	232	221	163	145	229	249	244	203	211	246	245	242	213	184	227	224	224	219	181	119	121	121	151	151	144	143	147	129	45	5	4	10	21	29	35	29	19	7	4	4	11	83	125	106	96	96	95	95	94	93	94	95	95	95	94	106	99	91	90	89	89	89	89	88	86	85	83	81	81	82	81	81	79	78	77	77	77	77	77	78	78	77	76	74	72	71	70	82	72	94	123	142	144	139	84	35	24	20	23	34	69	205	252	253	255	255
254	253	254	210	149	195	237	191	109	103	102	116	124	119	169	133	146	171	170	56	15	94	170	236	247	248	246	242	239	232	235	247	244	240	243	241	228	227	231	248	243	226	224	242	246	239	231	243	246	245	206	214	247	243	239	228	194	155	146	141	137	118	98	86	65	99	119	120	118	142	135	33	6	8	9	9	11	13	15	22	38	48	18	4	8	10	90	125	103	98	98	96	95	94	94	94	94	94	93	104	101	94	92	90	90	89	87	86	84	82	80	78	77	78	79	78	75	74	75	76	76	75	76	76	76	75	73	71	70	70	67	84	74	97	119	126	127	81	33	16	12	13	12	17	34	127	240	252	255	255
254	254	254	222	160	228	244	211	134	126	122	117	112	111	113	124	117	197	88	23	34	142	233	243	240	229	214	197	184	186	221	233	233	232	231	231	225	221	215	211	201	194	186	179	174	168	161	161	162	190	214	244	242	230	220	207	199	183	131	83	54	42	35	34	60	84	94	97	133	132	31	7	4	7	9	12	26	35	39	30	15	15	30	23	6	7	15	120	119	98	99	97	96	95	95	95	95	94	93	103	100	92	90	88	88	87	85	84	81	79	77	75	74	75	76	75	74	74	73	74	75	73	73	73	73	73	71	69	70	69	63	83	77	99	110	109	91	33	14	24	31	20	15	15	17	72	203	251	255	255
254	255	251	209	184	235	244	244	207	81	33	39	57	74	90	113	107	160	157	166	199	218	212	203	186	162	135	113	102	108	127	122	124	118	112	109	104	97	91	86	77	73	66	60	56	51	49	82	152	212	244	239	224	211	198	181	166	154	138	122	88	56	48	58	67	74	82	114	141	45	6	5	9	14	72	121	139	145	147	162	135	82	29	21	24	8	4	51	134	107	100	97	97	96	96	96	96	96	95	105	101	92	91	89	89	86	85	85	81	79	77	75	74	75	76	75	72	72	73	72	71	70	70	70	71	71	69	67	67	64	65	76	84	101	104	95	49	21	43	30	19	15	14	24	20	34	144	245	255	255
254	254	242	173	198	232	233	224	198	157	85	39	25	18	15	63	111	147	161	162	147	137	141	128	105	80	66	67	76	73	62	30	19	19	16	13	11	9	8	7	6	6	8	10	13	36	87	150	205	240	235	221	203	183	165	148	134	122	108	96	83	70	60	58	59	67	91	141	70	8	9	9	38	124	88	52	72	80	103	181	140	141	145	56	31	24	10	10	112	126	100	97	97	97	97	98	98	97	98	104	104	94	91	91	90	88	86	83	82	81	78	76	75	74	74	73	72	72	71	70	69	70	71	69	68	68	66	65	64	63	67	73	85	98	91	72	28	46	40	24	56	61	49	24	33	25	74	217	254	254
253	253	223	148	200	211	200	178	149	140	131	120	112	110	103	102	139	172	137	97	88	87	78	76	75	82	75	56	31	18	34	61	73	75	77	81	84	87	92	102	105	112	122	129	140	148	161	206	234	227	214	192	171	150	130	116	103	92	78	68	59	54	49	49	57	72	134	112	9	6	8	52	104	36	10	7	37	55	177	158	75	131	137	147	75	34	16	7	55	137	107	99	98	98	97	97	97	97	97	103	103	93	91	92	90	89	87	84	83	81	78	76	75	74	74	73	72	71	71	70	69	70	70	69	67	67	66	64	64	63	70	71	89	93	86	49	30	53	28	115	121	161	143	105	38	42	45	175	253	254
254	251	194	140	174	171	156	137	130	136	130	127	128	131	134	118	147	180	120	86	88	95	92	74	49	25	16	40	88	144	178	198	200	197	198	198	198	200	200	201	200	200	193	184	176	178	210	225	221	207	181	157	135	118	103	88	75	63	54	49	45	43	46	52	68	103	136	42	8	7	36	98	20	6	5	5	8	43	189	132	13	34	114	136	143	72	36	10	14	132	116	100	100	100	100	100	100	100	100	104	104	95	92	90	89	88	85	84	84	81	77	76	75	74	72	71	70	70	71	70	69	69	69	68	66	66	65	64	64	61	74	72	88	88	74	36	40	28	99	86	156	172	125	150	112	41	49	145	250	254
254	240	162	126	144	138	131	127	126	127	126	129	133	134	137	136	79	89	99	65	45	24	10	13	40	84	145	184	207	218	224	225	221	216	216	218	219	218	218	216	213	210	201	198	207	217	215	209	197	173	148	123	102	85	70	60	51	45	38	36	36	40	46	62	85	139	99	7	6	19	105	18	11	3	4	6	12	43	186	97	7	8	28	106	136	146	50	24	7	98	126	100	102	100	102	103	103	102	101	106	105	95	91	89	88	87	85	84	83	80	77	76	76	74	73	73	72	71	71	71	70	70	69	69	66	65	64	66	63	59	73	74	86	84	58	30	33	49	79	14	81	165	82	95	140	88	48	118	248	254
254	225	141	114	116	119	119	120	123	125	127	131	135	137	144	145	100	49	74	25	26	51	92	140	182	206	221	226	230	229	228	227	227	228	228	229	229	228	226	225	224	225	224	225	216	203	197	188	164	135	109	90	71	57	48	41	34	33	30	28	32	40	52	77	118	141	39	5	8	76	135	25	8	7	4	7	12	49	175	63	10	6	9	40	116	142	126	34	12	58	140	106	105	104	103	103	104	104	103	106	104	95	92	90	90	88	85	84	83	81	79	78	78	75	74	73	72	72	73	72	71	71	71	70	68	66	65	64	64	62	71	76	81	77	48	23	25	85	28	16	55	174	85	65	165	127	49	104	241	255
252	212	132	112	106	109	109	110	113	115	119	124	130	136	144	150	156	161	159	164	180	202	214	223	227	232	232	236	237	238	239	239	241	242	241	241	241	242	240	237	234	224	209	196	187	186	174	154	126	101	79	62	49	40	35	30	27	26	26	29	34	46	66	97	138	110	5	8	17	129	85	95	15	6	6	9	12	62	130	44	10	7	6	13	61	122	163	72	25	29	144	110	103	103	104	104	105	105	103	108	106	99	95	93	93	91	88	86	85	84	83	81	81	77	76	76	75	74	75	75	73	72	72	71	71	69	67	66	65	64	72	77	77	71	35	19	17	98	15	15	48	159	99	23	163	166	56	84	234	255
253	205	128	110	112	114	116	116	118	119	123	125	127	129	130	133	145	160	165	170	171	173	177	178	182	187	189	193	194	199	200	202	206	208	209	208	208	206	202	197	192	183	176	172	169	159	146	115	87	66	52	43	35	29	27	23	24	24	25	31	39	55	78	111	141	59	5	10	52	124	116	101	87	13	4	10	21	87	84	46	12	9	5	11	86	160	171	143	32	18	136	115	103	103	104	105	105	106	106	107	104	100	97	95	95	93	92	89	87	87	86	84	82	79	78	77	77	76	76	75	74	74	73	72	72	69	67	68	64	72	67	73	72	65	26	23	34	118	23	13	66	144	123	93	203	157	99	76	230	255
252	204	126	116	121	123	128	129	132	134	138	139	141	143	144	145	150	150	148	146	145	146	146	146	146	148	149	151	153	157	159	161	165	167	168	169	169	168	166	164	159	157	153	151	143	117	74	50	39	44	49	46	35	26	25	22	24	26	31	38	48	65	85	122	128	21	4	8	74	51	54	106	120	82	7	11	54	103	91	16	8	10	23	49	127	210	227	187	49	18	123	120	103	104	105	105	106	106	107	107	104	101	100	98	98	95	93	91	88	87	87	86	83	80	79	76	78	77	75	74	73	74	73	72	72	70	69	69	64	74	65	73	71	57	22	21	56	161	131	24	95	131	195	233	179	148	136	79	228	253
252	204	124	123	131	132	136	141	145	148	154	155	157	158	158	162	158	151	146	140	137	135	134	132	131	131	130	130	130	132	134	136	138	140	142	143	143	141	140	138	137	134	130	127	99	77	33	9	6	4	5	14	30	42	32	27	27	31	37	46	59	72	90	128	96	7	7	9	63	5	7	28	97	130	69	17	103	74	127	90	112	143	183	208	191	157	129	152	84	24	112	121	102	104	105	106	107	108	108	108	105	103	101	99	99	97	94	92	91	88	87	87	84	81	80	76	76	75	73	72	72	73	72	71	71	70	69	69	66	75	66	71	69	50	18	22	69	117	149	114	124	162	167	146	73	154	160	93	235	254
252	199	119	128	139	146	152	156	161	166	170	171	173	173	170	172	157	149	142	136	131	128	125	123	120	119	117	116	115	115	115	116	117	118	119	120	121	121	121	120	119	114	112	90	100	88	16	4	4	2	4	4	5	8	30	38	34	40	47	57	68	80	97	129	57	6	9	28	46	9	5	9	19	84	140	177	130	56	191	239	214	185	153	124	88	59	105	163	126	29	108	123	102	104	105	107	108	109	109	109	105	102	100	98	98	96	93	91	88	84	83	81	79	76	75	72	72	71	72	72	71	72	71	70	70	68	67	66	65	72	64	68	66	45	17	21	67	18	54	145	160	172	119	66	40	143	184	91	224	254
253	200	115	123	137	145	153	159	167	174	180	180	184	183	188	192	148	137	128	122	118	114	111	107	104	101	99	98	96	94	95	95	96	96	97	99	99	102	102	102	98	92	90	74	96	91	8	5	6	6	5	6	5	8	11	56	52	56	63	72	79	87	105	124	26	5	8	42	31	6	6	6	6	16	86	159	167	102	177	188	142	103	78	31	7	17	84	138	163	33	106	120	103	106	106	107	108	107	107	107	103	100	98	98	96	93	91	88	86	85	85	86	87	87	88	87	85	87	90	89	89	88	86	85	81	80	76	71	71	66	60	60	63	36	20	27	62	14	14	83	161	142	84	78	74	124	196	93	216	254
253	206	117	123	135	142	149	156	161	165	170	173	175	174	180	181	140	125	118	112	111	108	102	99	95	91	89	87	86	84	82	81	79	80	80	83	85	84	84	84	84	82	81	64	81	127	106	76	65	60	58	57	70	89	105	78	79	78	81	84	86	93	110	106	7	4	9	48	24	10	4	6	5	7	29	109	123	74	145	127	136	60	19	15	8	12	66	111	179	34	108	121	110	115	114	110	108	107	107	105	102	101	98	97	97	99	101	103	106	108	110	111	112	112	111	110	111	112	112	109	107	106	104	103	101	98	92	87	89	80	66	55	57	31	17	26	58	17	28	54	165	120	93	87	145	121	184	101	223	253
254	214	115	93	94	94	96	100	107	113	123	127	134	144	153	158	131	120	118	116	113	110	108	105	101	99	97	94	93	90	90	89	88	86	86	88	88	88	88	88	87	89	89	86	118	183	192	181	170	159	149	137	124	96	79	84	82	83	85	89	91	98	119	73	6	6	9	54	23	12	7	7	5	8	22	59	131	110	185	127	119	133	32	18	8	11	57	84	183	30	118	119	113	114	114	107	104	104	104	105	103	107	112	120	127	132	138	142	143	142	141	139	135	132	132	129	125	122	119	114	110	104	102	100	98	96	95	96	92	90	88	81	77	26	16	19	48	21	13	47	162	149	125	117	145	141	161	101	231	253
253	225	117	72	67	46	29	38	47	50	60	57	55	55	52	55	62	68	66	64	66	65	65	66	67	70	72	72	73	75	77	80	85	90	94	97	99	99	98	99	100	98	96	98	97	95	98	96	97	96	92	90	92	90	89	90	88	89	90	93	97	102	117	39	6	6	10	58	25	12	9	8	6	6	45	85	113	129	160	189	129	124	128	26	10	9	51	66	177	27	123	116	108	104	102	103	109	114	121	128	140	147	156	162	163	162	159	153	144	136	130	123	121	115	112	111	110	109	111	112	113	112	110	109	102	98	92	88	106	99	98	89	78	21	14	15	31	31	21	67	216	205	147	124	124	136	136	95	232	254
254	246	152	86	58	10	4	5	2	5	4	6	8	13	17	19	19	20	25	30	34	34	32	28	27	27	26	23	24	26	23	21	20	20	21	25	29	39	59	83	104	106	105	102	102	102	102	102	100	99	98	99	99	98	99	99	98	98	98	99	102	109	108	12	5	6	13	54	34	13	9	8	8	26	48	64	107	127	164	176	135	121	123	122	18	11	43	55	157	28	129	112	102	107	118	128	136	140	141	141	135	136	134	129	126	124	121	118	116	116	117	116	112	110	107	103	100	98	95	94	95	95	96	98	101	101	103	105	103	98	99	94	61	15	15	14	19	46	55	205	247	204	144	159	82	132	121	87	233	255
253	252	202	103	44	8	7	5	4	3	4	4	5	5	4	4	5	4	5	5	5	5	4	4	5	5	5	6	6	6	5	5	6	7	8	7	8	11	12	18	37	87	105	104	106	104	102	105	104	105	104	105	107	106	106	106	104	103	102	102	102	110	79	6	4	7	11	42	58	7	9	34	85	136	183	216	217	170	127	122	118	117	123	127	99	16	46	59	136	28	131	120	119	121	123	124	124	124	125	127	110	119	116	113	110	110	108	106	106	104	104	106	107	109	110	110	109	109	110	111	108	104	103	102	99	100	97	92	95	94	95	80	30	15	15	12	12	121	222	242	183	73	161	181	88	120	110	84	239	254
254	253	240	138	46	10	8	5	7	7	5	5	5	6	6	4	3	6	5	6	5	5	6	5	5	5	6	5	5	5	5	5	6	6	4	4	5	5	7	6	7	9	65	107	108	107	106	108	107	106	107	110	112	113	112	111	109	107	105	106	105	104	44	5	5	7	7	27	112	97	126	168	199	223	225	191	108	74	76	74	78	87	120	123	131	47	67	69	106	35	126	120	122	122	123	121	120	121	120	123	118	115	116	117	119	118	117	114	114	113	114	115	114	114	110	109	110	108	107	104	104	100	98	94	87	83	84	79	75	68	58	39	16	14	15	11	15	71	157	92	24	15	136	190	142	159	77	112	249	255
254	252	253	213	97	46	79	82	76	61	43	24	11	7	6	6	5	5	7	4	4	5	7	6	5	5	5	5	4	4	5	5	5	4	4	4	5	6	5	4	4	6	7	54	105	107	107	105	106	106	107	108	109	111	113	113	113	112	109	109	107	82	17	6	6	7	8	19	121	150	154	154	135	99	62	22	25	46	26	78	54	12	58	114	124	126	96	87	73	51	118	115	116	116	116	116	116	116	117	117	115	115	116	115	114	114	110	106	108	107	107	106	105	105	103	100	101	98	99	95	93	92	85	78	70	62	57	43	32	24	19	14	10	13	13	13	12	32	74	15	14	13	122	179	190	204	51	161	251	255
254	255	255	252	228	178	119	59	28	43	60	76	91	100	99	88	74	56	37	25	21	15	11	10	9	9	9	5	5	6	6	6	6	6	4	5	6	5	6	6	5	8	6	7	47	106	104	105	105	106	105	103	103	105	108	110	111	110	109	110	97	49	7	6	6	7	8	17	70	130	98	42	21	11	9	10	18	30	20	51	51	9	10	61	109	133	122	95	36	71	107	108	108	107	109	109	109	110	111	112	109	105	106	104	102	100	97	93	95	93	90	89	88	86	86	84	78	78	83	89	102	111	116	128	155	173	182	172	103	12	12	12	11	13	13	13	11	26	59	16	13	19	126	170	233	149	53	224	254	254
254	255	255	253	254	253	248	203	47	21	17	11	6	6	9	22	40	58	80	104	109	102	96	95	94	91	88	85	78	73	73	72	66	62	58	53	49	48	45	42	40	37	37	36	37	73	98	96	94	93	92	89	89	91	94	96	98	97	94	89	54	16	8	5	6	7	8	9	33	91	26	18	17	8	7	12	20	20	17	32	48	7	8	24	84	118	109	101	15	85	96	98	97	95	96	94	90	89	89	87	89	92	95	98	97	95	96	102	112	128	153	170	176	184	196	206	213	222	232	239	243	247	249	249	251	254	254	252	214	54	12	12	10	13	12	13	13	17	32	52	28	62	102	184	192	59	127	250	255	254
255	255	255	255	255	255	254	251	174	40	16	13	12	5	5	5	6	7	7	7	7	7	7	7	8	9	11	14	14	16	24	94	172	188	192	186	182	179	180	178	166	161	155	152	148	148	130	116	109	105	107	108	108	107	105	101	95	81	57	32	15	13	13	8	7	7	7	8	16	72	29	17	17	8	7	14	21	17	18	38	44	9	9	21	69	111	129	59	20	56	64	70	80	91	103	118	129	149	178	200	212	222	227	232	236	238	241	245	248	250	252	253	253	253	253	253	253	253	254	254	254	255	255	255	255	255	255	254	248	162	33	10	10	11	13	13	13	12	13	44	95	152	129	136	75	51	212	254	255	255
255	255	255	255	255	255	255	252	246	186	53	18	9	9	6	4	4	4	4	4	5	5	6	6	6	6	6	4	7	15	102	229	252	252	253	252	252	251	252	252	252	252	252	252	251	251	248	245	243	241	240	239	237	236	236	234	230	212	159	72	14	11	12	11	9	8	7	6	11	26	87	22	14	8	8	15	20	17	19	61	17	12	13	33	71	66	120	14	49	152	214	229	239	247	248	251	252	254	253	253	253	253	253	255	254	254	255	254	254	254	254	255	255	255	255	255	255	255	255	255	255	254	254	254	254	254	254	254	255	234	118	27	12	12	12	12	12	11	11	13	31	50	75	34	27	162	248	253	255	255
255	255	255	255	255	255	255	252	253	251	208	87	24	11	8	6	6	5	5	5	5	5	5	5	6	6	6	8	26	128	228	251	252	254	255	254	254	255	255	254	255	255	255	254	253	254	254	254	254	254	254	255	254	254	253	254	254	250	249	172	29	11	13	14	11	9	7	10	7	16	56	95	22	7	8	16	20	16	19	64	12	13	39	111	139	110	43	36	157	248	253	254	254	254	253	253	253	253	254	254	253	255	255	254	255	255	255	255	255	254	254	255	255	255	254	254	254	254	255	255	255	254	254	254	254	254	254	254	251	252	222	111	24	12	12	10	11	12	12	12	12	12	12	17	120	239	252	251	255	255
255	255	255	255	255	255	255	255	255	255	252	242	182	101	39	16	8	5	6	7	5	6	6	6	7	7	17	70	182	246	254	255	255	255	255	255	255	255	255	255	255	255	255	255	255	255	255	255	255	255	255	255	255	255	255	255	255	254	254	237	85	13	13	15	14	12	9	8	7	9	18	67	117	36	9	19	34	21	76	25	25	56	142	177	133	61	21	100	231	254	254	255	255	255	255	255	255	255	255	255	255	255	255	255	255	255	255	255	255	255	255	255	255	255	255	255	255	255	255	255	255	255	255	255	255	255	255	255	255	255	255	237	157	77	27	24	25	23	23	24	30	39	56	126	234	255	255	255	255	255
255	255	255	255	255	255	255	255	255	255	254	253	253	244	215	161	96	74	69	66	61	56	55	60	73	101	164	224	250	254	254	255	255	255	255	255	255	255	255	255	255	255	255	255	255	255	255	255	255	255	255	255	255	255	255	255	255	255	254	252	193	38	14	11	14	13	10	8	7	9	12	18	63	133	84	80	92	54	108	78	125	189	198	148	63	15	55	199	252	255	254	255	255	255	255	255	255	255	255	255	255	255	255	255	255	255	255	255	255	255	255	255	255	255	255	255	255	255	255	255	255	255	255	255	255	255	255	255	255	255	255	252	252	234	201	197	197	195	194	196	201	214	230	245	253	255	255	255	255	255
255	255	255	255	255	255	255	255	255	255	252	254	254	252	252	252	251	246	244	242	242	241	242	243	244	251	253	254	254	253	255	255	255	255	255	255	255	255	255	255	255	255	255	255	255	255	255	255	255	255	255	255	255	255	255	255	255	255	255	254	250	145	27	12	11	10	9	7	8	7	7	18	19	37	115	145	123	108	180	223	225	183	119	36	16	44	159	247	254	254	254	255	255	255	255	255	255	255	255	255	255	255	255	255	255	255	255	255	255	255	255	255	255	255	255	255	255	255	255	255	255	255	255	255	255	255	255	255	255	255	255	253	255	253	254	255	255	254	254	254	253	253	253	254	252	255	255	254	255	255
255	255	255	255	255	255	255	255	255	255	254	254	254	255	254	255	254	255	255	255	254	255	255	255	255	255	255	254	255	255	255	255	255	255	255	255	255	255	255	255	255	255	255	255	255	255	255	255	255	255	255	255	255	255	255	255	255	255	255	255	254	241	141	40	8	9	9	8	9	7	6	7	12	15	12	36	77	107	124	115	82	43	15	18	63	160	244	253	255	254	255	255	255	255	255	255	255	255	255	255	255	255	255	255	255	255	255	255	255	255	255	255	255	255	255	255	255	255	255	255	255	255	255	255	255	255	255	255	255	255	255	255	255	255	254	255	255	254	255	255	255	255	255	254	255	255	255	254	255	255
255	255	255	255	255	255	255	255	255	255	255	255	255	255	255	255	255	255	255	255	255	255	255	255	255	255	255	255	255	255	255	255	255	255	255	255	255	255	255	255	255	255	255	255	255	255	255	255	255	255	255	255	255	255	255	255	255	255	255	255	254	253	236	153	51	10	9	10	9	9	8	7	6	6	8	11	13	12	15	15	17	14	52	131	212	249	253	255	255	255	255	255	255	255	255	255	255	255	255	255	255	255	255	255	255	255	255	255	255	255	255	255	255	255	255	255	255	255	255	255	255	255	255	255	255	255	255	255	255	255	255	255	255	255	255	255	255	255	255	255	255	255	255	255	255	255	255	255	255	255
255	255	255	255	255	255	255	255	255	255	255	255	255	255	255	255	255	255	255	255	255	255	255	255	255	255	255	255	255	255	255	255	255	255	255	255	255	255	255	255	255	255	255	255	255	255	255	255	255	255	255	255	255	255	255	255	255	255	255	255	254	254	254	242	196	107	46	25	13	11	8	8	6	9	10	8	8	10	15	24	67	143	221	251	255	254	254	254	255	255	255	255	255	255	255	255	255	255	255	255	255	255	255	255	255	255	255	255	255	255	255	255	255	255	255	255	255	255	255	255	255	255	255	255	255	255	255	255	255	255	255	255	255	255	255	255	255	255	255	255	255	255	255	255	255	255	255	255	255	255
255	255	255	255	255	255	255	255	255	255	255	255	255	255	255	255	255	255	255	255	255	255	255	255	255	255	255	255	255	255	255	255	255	255	255	255	255	255	255	255	255	255	255	255	255	255	255	255	255	255	255	255	255	255	255	255	255	255	255	255	255	254	254	255	253	237	200	150	107	77	65	48	28	25	32	39	51	75	124	173	215	249	253	255	255	254	254	255	255	255	255	255	255	255	255	255	255	255	255	255	255	255	255	255	255	255	255	255	255	255	255	255	255	255	255	255	255	255	255	255	255	255	255	255	255	255	255	255	255	255	255	255	255	255	255	255	255	255	255	255	255	255	255	255	255	255	255	255	255	255
255	255	255	255	255	255	255	255	255	255	255	255	255	255	255	255	255	255	255	255	255	255	255	255	255	255	255	255	255	255	255	255	255	255	255	255	255	255	255	255	255	255	255	255	255	255	255	255	255	255	255	255	255	255	255	255	255	255	255	255	255	255	255	255	254	253	252	247	245	239	234	226	216	212	220	228	232	242	251	252	253	255	255	255	255	255	255	255	255	255	255	255	255	255	255	255	255	255	255	255	255	255	255	255	255	255	255	255	255	255	255	255	255	255	255	255	255	255	255	255	255	255	255	255	255	255	255	255	255	255	255	255	255	255	255	255	255	255	255	255	255	255	255	255	255	255	255	255	255	255
